100,1711,2,
252,1810,2,
400,1801,2,
457,1776,2,
4468,1256,2,
4362,1042,2,
4242,967,2,
4183,1085,2,
4428,869,2,
4668,782,2,
720,1666,2,
62,1816,2,
346,1881,2,
1122,1204,2,
35,612,2,
4751,567,2,
4712,549,2,
4671,615,2,
567,1257,2,
527,1184,2,
504,1165,2,
499,1134,2,
763,1184,2,
715,1112,2,
687,1114,2,
579,1785,2,
4693,731,2,
90,621,2,
510,1664,2,
107,1751,2,
25,1671,2,
125,1491,2,
457,1682,2,
450,1730,2,
427,1752,2,
281,1822,2,
224,1737,2,
187,1697,2,
160,1655,2,
124,1457,2,
77,1442,2,
42,580,2,
119,592,2,
4684,745,2,
12,1517,2,
1146,1289,2,
85,1645,2,
4418,1475,2,
4626,819,2,
4775,714,2,
4753,732,2,
4777,678,2,
4773,709,2,
4472,795,2,
4416,844,2,
4517,801,2,
4561,796,2,
4621,780,2,
172,1739,2,
4398,1186,2,
767,1104,2,
795,1119,2,
860,1181,2,
265,1785,2,
4733,1836,2,
4757,1875,2,
4386,1076,2,
1134,1341,2,
1171,1332,2,
4626,797,2,
456,1877,2,
40,1757,2,
4419,1466,2,
4757,1400,2,
4757,1436,2,
4693,1374,2,
1159,1214,2,
2,504,2,
4688,831,2,
4684,815,2,
4687,800,2,
4685,785,2,
4676,763,2,
4675,755,2,
151,674,2,
167,671,2,
187,671,2,
244,657,2,
222,659,2,
258,640,2,
264,619,2,
271,608,2,
4746,616,2,
4697,658,2,
4697,683,2,
65,1400,2,
68,1417,2,
577,1721,2,
4224,1064,2,
4275,1060,2,
476,1699,2,
1356,1463,2,
150,632,2,
70,610,2,
4772,609,2,
1438,1292,2,
1516,1315,2,
1585,1349,2,
1587,1301,2,
1682,1385,2,
1537,1445,2,
1436,1401,2,
1357,1386,2,
1416,1352,2,
1294,1341,2,
652,1719,2,
1226,1670,2,
286,1882,2,
4486,1374,2,
4746,1507,2,
1598,1515,2,
1619,1531,2,
1106,1791,2,
1149,1748,2,
1087,1726,2,
1061,1753,2,
1129,1249,2,
1144,1180,2,
1170,1187,2,
4522,1267,2,
4603,837,2,
52,1655,2,
70,1698,2,
300,1841,2,
387,1821,2,
455,1814,2,
1215,1231,2,
1256,1250,2,
1299,1251,2,
32,1537,2,
3556,1149,2,
4060,1133,2,
4054,1075,2,
4538,908,2,
2559,1812,2,
2429,1824,2,
1645,1590,2,
2106,1969,2,
1596,1264,2,
4046,1085,2,
4206,937,2,
4232,929,2,
4381,1080,2,
4386,1032,2,
4394,1005,2,
4391,944,2,
4399,877,2,
4408,855,2,
2339,2044,2,
1976,1995,2,
4609,782,2,
287,472,2,
1167,1407,2,
1195,1387,2,
1813,1969,2,
1861,1983,2,
1906,1992,2,
1942,2042,2,
1859,2024,2,
1819,2001,2,
1679,1533,2,
1356,1386,2,
1394,1387,2,
1629,1627,2,
1648,1667,2,
1594,1686,2,
1625,1717,2,
1579,1640,2,
2166,1954,2,
2223,1944,2,
2379,1920,2,
2408,1924,2,
3922,1980,2,
1760,1336,2,
1789,1279,2,
4568,1366,2,
524,1747,2,
3946,2081,2,
521,1736,2,
4159,1307,2,
2000,2047,2,
513,1860,2,
77,1799,2,
147,1760,2,
97,1752,2,
260,1924,2,
211,1924,2,
152,1923,2,
83,1922,2,
19,1925,2,
2757,1919,2,
2907,1926,2,
2961,1927,2,
3022,1930,2,
3091,1932,2,
3161,1936,2,
1499,1634,2,
1499,1594,2,
1498,1670,2,
546,1755,2,
570,1740,2,
521,1779,2,
499,1799,2,
1712,1515,2,
1701,1536,2,
1685,1556,2,
206,1755,2,
157,1731,2,
124,1706,2,
91,1685,2,
57,1670,2,
1736,1586,2,
1767,1581,2,
1516,1269,2,
1506,1291,2,
1487,1302,2,
1615,1124,2,
1624,1087,2,
1547,1797,2,
1580,1786,2,
1181,1911,2,
54,1591,2,
431,1855,2,
14,1641,2,
2500,1805,2,
640,1805,2,
685,1765,2,
4726,1356,1,
4639,1441,1,
4668,1479,1,
30,1621,1,
487,1764,1,
554,1740,1,
4528,1271,1,
4533,1351,1,
4457,1244,1,
847,1481,1,
355,1860,1,
316,1861,1,
4511,1442,1,
4469,1409,1,
4422,1367,1,
4423,1331,1,
4417,1294,1,
4413,1232,1,
4413,1199,1,
516,1449,1,
375,1801,1,
4769,1340,1,
4576,1477,1,
4466,1481,1,
4498,1271,1,
31,1474,1,
747,1349,1,
321,1801,1,
315,1801,1,
111,1662,1,
525,1482,1,
590,1390,1,
825,1171,1,
4614,1466,1,
4604,1406,1,
4487,1312,1,
4693,1791,1,
4550,1468,1,
4728,1485,1,
4781,1485,1,
47,1500,1,
93,1516,1,
1079,1237,1,
4671,1357,1,
20,1339,1,
25,496,1,
4681,773,1,
4281,1671,1,
30,575,1,
4636,1974,1,
4663,1974,1,
4738,1411,1,
4728,1434,1,
1600,1327,1,
1394,1390,1,
940,1671,1,
1383,1592,1,
261,1877,1,
1551,1558,1,
1531,1535,1,
1511,1560,1,
1488,1536,1,
1474,1562,1,
1140,1693,1,
1112,1753,1,
1166,1787,1,
1041,1789,1,
4461,1213,1,
20,1649,1,
903,1668,1,
1150,1654,1,
1355,1506,1,
1130,1405,1,
4413,1219,1,
1627,1947,1,
1477,1953,1,
1430,1779,1,
1856,1341,1,
1547,1614,1,
4559,1740,1,
4586,1789,1,
4326,1662,1,
2479,2034,1,
1671,1619,1,
1670,1590,1,
1706,1929,1,
566,1817,1,
1271,1761,1,
3167,1821,1,
3270,1822,1,
3421,1828,1,
2730,1768,1,
2963,1772,1,
2848,1769,1,
3093,1766,1,
2572,1753,1,
2482,1757,1,
2329,1778,1,
2169,1778,1,
2287,1714,1,
1558,1910,1,
1521,1913,1,
1478,1908,1,
1404,1910,1,
1338,1911,1,
1269,1911,1,
1205,1911,1,
1162,1911,1,
1109,1914,1,
462,1853,1,
1524,1589,1,
1502,1614,1,
1483,1592,1,
1451,1608,1,
1425,1591,1,
1403,1615,1,
1359,1612,1,
1416,1504,1,
1458,1505,1,
1506,1505,1,
1574,1776,1,
1564,1825,1,
1586,1873,1,
2477,1937,1,
2528,1937,1,
2566,1937,1,
2607,1937,1,
2644,1948,1,
2680,1957,1,
2714,1967,1,
2741,1975,1,
2762,1985,1,
4199,1711,1,
4224,1700,1,
1637,1975,1,
3727,1544,1,
3652,1441,1,
3672,1464,1,
3656,1414,1,
3665,1389,1,
3672,1363,1,
3682,1350,1,
3500,1367,1,
3517,1396,1,
3502,1429,1,
3521,1451,1,
3543,1473,1,
3569,1497,1,
3590,1522,1,
3615,1547,1,
1805,1342,1,
1825,1292,1,
1850,1259,1,
4427,1209,1,
3719,1575,1,
3751,1578,1,
3746,1611,1,
3776,1634,1,
3767,1662,1,
3800,1678,1,
3815,1698,1,
3746,1641,1,
3748,1699,1,
3782,1703,1,
3768,1726,1,
3752,1757,1,
3789,1759,1,
3773,1782,1,
3655,1785,1,
4706,1429,1,
1044,1710,1,
360,1844,1,
189,1792,1,
569,1849,1,
3164,1939,1,
3204,1937,1,
1694,1951,1,
1651,1950,1,
4337,1474,1,
4411,1534,1,
4426,1535,1,
4478,1536,1,
4478,1561,1,
4477,1600,1,
1501,1653,1,
1544,1853,1,
1538,1881,1,
1508,1853,1,
3644,1350,1,
3641,1369,1,
3636,1390,1,
3630,1411,1,
3623,1431,1,
3622,1449,1,
3620,1474,1,
3617,1495,1,
1664,1582,1,
1629,1581,1,
1600,1585,1,
1570,1587,1,
1546,1587,1,
1507,1589,1,
1694,1585,1,
1717,1584,1,
1625,1179,1,
584,1852,1,
2479,1804,1,
4773,1585,0,
4606,1345,0,
901,1431,0,
600,1469,0,
614,1464,0,
607,1486,0,
681,1389,0,
674,1376,0,
661,1382,0,
137,1880,0,
890,1621,0,
4148,1244,0,
4746,1630,0,
4696,1582,0,
4637,1525,0,
4578,1517,0,
4518,1525,0,
4543,1480,0,
4446,1386,0,
4414,1262,0,
675,1682,0,
776,1477,0,
789,1421,0,
804,1367,0,
4305,1244,0,
1007,1299,0,
961,1431,0,
907,1504,0,
469,1621,0,
150,1620,0,
139,1565,0,
126,1511,0,
3683,1166,0,
4708,1491,0,
4739,1524,0,
4307,1216,0,
4267,1210,0,
4212,1212,0,
4103,1354,0,
4387,1471,0,
4353,1471,0,
4082,1220,0,
4062,1264,0,
4761,1722,0,
527,1426,0,
562,1411,0,
616,1370,0,
615,1435,0,
3949,1419,0,
4549,1297,0,
4446,1285,0,
271,1891,0,
226,1895,0,
4526,1564,0,
1141,1435,0,
1111,1462,0,
1114,1512,0,
1019,1526,0,
1046,1507,0,
1081,1484,0,
4042,1336,0,
3943,1201,0,
4403,1428,0,
544,1446,0,
4491,1486,0,
955,1277,0,
3652,1146,0,
3511,1152,0,
694,1354,0,
612,1507,0,
646,1486,0,
812,1352,0,
734,1380,0,
648,1440,0,
4536,2056,0,
4349,1501,0,
4278,1640,0,
4342,1587,0,
4379,1514,0,
4508,1646,0,
4522,1695,0,
64,1583,0,
4526,1977,0,
4526,1933,0,
4590,1971,0,
4558,1959,0,
4680,1963,0,
4697,1951,0,
4717,1934,0,
4734,1913,0,
4649,1715,0,
810,1463,0,
839,1447,0,
866,1424,0,
1722,1441,0,
1759,1445,0,
1706,1462,0,
4503,1202,0,
1077,1678,0,
1385,1622,0,
937,1766,0,
1001,1720,0,
4756,1559,0,
1036,1444,0,
4397,1747,0,
1280,1462,0,
4621,1875,0,
4568,1864,0,
4673,1869,0,
4507,1859,0,
4312,1811,0,
4352,1782,0,
4433,1807,0,
4572,1796,0,
4321,1729,0,
4632,1800,0,
1245,1598,0,
1290,1543,0,
1155,1608,0,
1459,1685,0,
1400,1689,0,
35,1382,0,
1076,1591,0,
955,1601,0,
4398,1534,0,
4178,1774,0,
4447,1200,0,
4563,1349,0,
4595,1441,0,
4661,1505,0,
4693,1545,0,
11,1568,0,
1135,1655,0,
1207,1634,0,
167,1634,0,
733,1477,0,
1906,1542,0,
2194,1531,0,
2472,1531,0,
2667,1766,0,
2896,1761,0,
3496,1826,0,
3562,2050,0,
3492,2050,0,
3489,1937,0,
3026,1770,0,
2567,1620,0,
2445,1767,0,
1522,1815,0,
3431,1996,0,
3222,1835,0,
3369,1860,0,
2026,1481,0,
1940,1406,0,
2010,1641,0,
2632,1551,0,
2632,1546,0,
3169,1991,0,
2008,1667,0,
2033,1690,0,
2048,1718,0,
2066,1740,0,
2082,1756,0,
4368,1684,0,
4446,1772,0,
4444,1714,0,
4534,1749,0,
4606,1759,0,
4599,1646,0,
4721,1752,0,
4582,1730,0,
2030,1603,0,
2157,1698,0,
2264,1768,0,
4126,1784,0,
4129,1771,0,
4146,1771,0,
4164,1771,0,
4203,1750,0,
4238,1741,0,
4273,1711,0,
4307,1671,0,
4354,1631,0,
4361,1582,0,
4364,1547,0,
4389,1517,0,
4387,1495,0,
4386,1456,0,
4382,1430,0,
4382,1395,0,
4373,1365,0,
4377,1344,0,
1777,1500,0,
1815,1575,0,
1830,1614,0,
1842,1647,0,
1646,1557,0,
1620,1532,0,
1586,1560,0,
1735,1619,0,
1754,1604,0,
3308,1805,0,
3365,1822,0,
2783,1751,0,
2652,1728,0,
2528,1720,0,
2960,1724,0,
2218,1717,0,
2358,1688,0,
1174,1429,0,
1106,1296,0,
1235,1453,0,
1209,1426,0,
3157,2020,0,
3193,2019,0,
3230,2018,0,
3267,2018,0,
3303,2017,0,
3379,2027,0,
3516,2014,0,
3483,2013,0,
4553,1372,0,
4492,1321,0,
3700,1513,0,
3679,1487,0,
3122,1497,0,
3066,1339,0,
3034,1271,0,
2795,1396,0,
2759,1320,0,
2827,1259,0,
2930,1334,0,
2942,1406,0,
2057,1366,0,
2039,1284,0,
1980,1260,0,
1989,1319,0,
1929,1366,0,
3510,1518,0,
3479,1489,0,
4024,1859,0,
4064,1861,0,
4044,1843,0,
4064,1828,0,
4086,1813,0,
4108,1798,0,
4187,1713,0,
1837,1506,0,
1949,1525,0,
2007,1530,0,
2097,1531,0,
2318,1532,0,
2659,1504,0,
2735,1482,0,
2937,1459,0,
3114,1422,0,
2812,1775,0,
3154,1801,0,
3180,1784,0,
3242,1742,0,
3295,1699,0,
3382,1636,0,
3424,1604,0,
2714,1555,0,
2786,1556,0,
2847,1559,0,
2922,1565,0,
3000,1564,0,
140,1639,0,
111,1597,0,
134,1711,0,
2442,1272,0,
3057,1529,0,
2965,1539,0,
2905,1542,0,
2599,1530,0,
1072,1346,0,
2300,1446,0,
1906,1574,0,
1936,1574,0,
1972,1576,0,
2004,1575,0,
1867,1577,0,
1835,1559,0,
1790,1561,0,
1769,1532,0,
2115,1720,0,
2062,1677,0,
2149,1749,0,
2054,1637,0,
2051,1577,0,
2102,1581,0,
2105,1614,0,
2072,1611,0,
3254,1937,0,
3310,1939,0,
3366,1940,0,
3404,1940,0,
3436,1941,0,
3967,1990,0,
4021,1989,0,
1595,1927,0,
1667,1946,0,
1686,1929,0,
2275,1561,0,
2321,1551,0,
2364,1541,0,
4212,1400,0,
4242,1414,0,
4281,1432,0,
4317,1449,0,
4343,1485,0,
4416,1517,0,
4477,1549,0,
4476,1584,0,
4478,1612,0,
4477,1636,0,
2372,1519,0,
2335,1519,0,
2284,1510,0,
2262,1536,0,
2234,1541,0,
2141,1534,0,
2170,1535,0,
2061,1527,0,
2025,1515,0,
1926,1481,0,
1952,1488,0,
1871,1485,0,
1541,1833,0,
1515,1877,0,
1562,1880,0,
15,1877,0,
74,1884,0,
10,1624,0,
4771,1602,0,
4749,1582,0,
4727,1557,0,
4701,1534,0,
2624,1479,0,
1585,1936,0,
3682,1469,0,
1952,1115,0,
2135,1135,0,
1677,1069,0,
1714,1026,0,
2239,1182,0,
861,1540,0,
4516,1206,0,
4148,1858,0,
4180,1837,0,
4214,1814,0,
4252,1789,0,
4288,1768,0,
91,1591,0,
92,1610,0,
1898,1212,0,
1899,1235,0,
1924,1202,0,
2117,1414,0,
2151,1434,0,
2109,1354,0,
2201,1556,0,
2229,1502,0,
2177,1511,0,
2414,1595,0,
2434,1627,0,
2485,1689,0,
3690,1566,0,
300,1827,3,
197,1792,3,
426,1789,3,
4059,1142,3,
4112,852,3,
4382,926,3,
4343,851,3,
4591,825,3,
604,1719,3,
394,1850,3,
477,1884,3,
502,1854,3,
551,1881,3,
424,1881,3,
609,1864,3,
630,1836,3,
664,1787,3,
4142,1004,3,
4143,1034,3,
4143,1086,3,
4143,1144,3,
9,619,3,
5,599,3,
3908,1022,3,
4719,731,3,
951,1406,3,
765,1665,3,
745,1790,3,
4376,1170,3,
4351,1081,3,
4264,1089,3,
4214,1105,3,
4091,1057,3,
4252,944,3,
4287,929,3,
4334,914,3,
4358,899,3,
4394,860,3,
301,582,3,
801,1174,3,
4381,1021,3,
372,1781,3,
322,1782,3,
4393,1116,3,
4397,1057,3,
667,1651,3,
1105,1336,3,
1081,1350,3,
907,1417,3,
75,682,3,
867,1656,3,
836,1689,3,
809,1720,3,
129,1751,3,
4001,1025,3,
4384,992,3,
99,886,3,
4209,1179,3,
329,1859,3,
12,1382,3,
10,1406,3,
332,1015,3,
1032,1302,3,
897,1311,3,
4088,966,3,
924,1287,3,
4777,530,3,
711,1744,3,
17,890,3,
340,1841,3,
387,1894,3,
410,1911,3,
484,1977,3,
460,1950,3,
435,1929,3,
4744,608,3,
4747,597,3,
427,856,3,
1592,1449,3,
1610,1464,3,
1617,1437,3,
1659,1431,3,
1689,1451,3,
1410,1302,3,
1231,1309,3,
837,1837,3,
1583,1499,3,
1594,1530,3,
52,872,3,
3807,1030,3,
1086,1380,3,
4110,1046,3,
331,969,3,
332,997,3,
344,1007,3,
2812,1812,3,
3029,1824,3,
3226,1833,3,
3608,2001,3,
3871,2046,3,
3717,2050,3,
2336,1861,3,
2277,1824,3,
1831,1541,3,
2036,2047,3,
1952,1980,3,
1779,1974,3,
2481,1899,3,
2436,1954,3,
2752,1950,3,
2072,1978,3,
2086,2013,3,
2127,1921,3,
4081,1050,3,
4169,976,3,
4384,1181,3,
4384,1137,3,
4381,1102,3,
4377,1057,3,
4387,956,3,
4391,926,3,
4396,900,3,
2000,2022,3,
2139,2018,3,
2256,1985,3,
2339,1981,3,
2392,1878,3,
1796,1907,3,
3746,1996,3,
3572,1935,3,
3629,1993,3,
3630,1993,3,
3659,1931,3,
3838,2024,3,
3774,2026,3,
3519,1905,3,
929,1674,3,
1010,1682,3,
1075,1687,3,
1137,1685,3,
2469,2089,3,
2495,2091,3,
2524,2091,3,
2556,2093,3,
2589,2091,3,
2619,2093,3,
2648,2093,3,
2679,2093,3,
2708,2093,3,
2746,2093,3,
3868,1039,3,
1622,1511,3,
3050,1929,3,
1030,1395,3,
1029,1364,3,
2033,1977,3,
2150,1875,3,
2154,1821,3,
2122,1779,3,
1718,1950,3,
862,1919,3,
1034,1920,3,
964,1916,3,
901,1920,3,
788,1919,3,
709,1916,3,
641,1894,3,
430,1834,3,
330,1810,3,
1697,1500,3,
2283,1912,3,
2354,1912,3,
2782,1993,3,
2822,1994,3,
2865,1995,3,
2905,1994,3,
2941,1996,3,
2978,1995,3,
3016,1998,3,
3045,1996,3,
3078,2003,3,
3105,2008,3,
3126,2019,3,
3656,2010,3,
3696,2012,3,
3731,2011,3,
3871,1990,3,
3899,1993,3,
1962,2002,3,
3753,1810,3,
3771,1834,3,
3752,1861,3,
3734,1893,3,
3769,1896,3,
3754,1921,3,
3774,1951,3,
3734,1952,3,
3758,1977,3,
3776,1999,3,
3799,1978,3,
3918,1953,3,
3942,1930,3,
3944,1873,3,
3967,1902,3,
3989,1875,3,
4305,1085,3,
4263,1106,3,
4220,1119,3,
4182,1132,3,
4098,1155,3,
4071,1172,3,
4045,1188,3,
4088,927,3,
4055,951,3,
4117,949,3,
4116,904,3,
4144,926,3,
4143,882,3,
4168,904,3,
4196,880,3,
4167,856,3,
4227,853,3,
4227,905,3,
4264,878,3,
4292,852,3,
4320,877,3,
668,1719,3,
2878,1814,3,
2935,1814,3,
3704,1921,3,
74,1744,3,
817,1702,3,
426,1861,3,
270,1975,3,
318,1974,3,
358,1973,3,
412,1973,3,
535,1975,3,
238,1949,3,
209,1975,3,
172,1949,3,
137,1979,3,
103,1952,3,
67,1984,3,
27,1954,3,
2205,1825,3,
2209,1867,3,
2242,1825,3,
2316,1830,3,
2182,1845,3,
2245,1882,3,
2287,1896,3,
2320,1904,3,
2506,1915,3,
2550,1915,3,
2594,1916,3,
2640,1916,3,
2686,1919,3,
2730,1919,3,
2806,1921,3,
2857,1925,3,
3613,1931,3,
3698,1900,3,
3662,1902,3,
4333,1159,3,
4333,1129,3,
4368,2009,3,
322,1816,3,
1757,1909,3,
1729,1922,3,
3927,2075,3,
3991,2075,3,
4049,2074,3,
4106,2074,3,
4167,2072,3,
4214,1876,3,
4197,1902,3,
4174,1930,3,
3957,1037,3,
3986,1040,3,
4014,1039,3,
4041,1039,3,
4073,1037,3,
4104,1039,3,
4177,1041,3,
4216,1039,3,
4256,1039,3,
4298,1040,3,
619,1699,3,
640,1677,3,
655,1665,3,
4095,1126,3,
4112,1121,3,
4145,1115,3,
4176,1107,3,
4204,1096,3,
3732,1870,3,
1066,1371,3,
1031,1373,3,
996,1375,3,
3957,2000,3,
3995,2001,3,
4040,2002,3,
4081,2001,3,
4123,2000,3,
4226,931,3,
872,1662,3,
4399,928,3,
975,1317,7,
945,1362,7,
727,1630,7,
4401,1319,7,
739,1301,7,
4178,1374,7,
3998,1150,7,
776,1596,7,
831,1571,7,
861,1527,7,
811,1510,7,
4000,1101,7,
4037,1112,7,
3876,1083,7,
3849,1062,7,
4362,1379,7,
4266,1376,7,
911,1392,7,
4166,1214,7,
560,1552,7,
532,1599,7,
957,1480,7,
792,1626,7,
837,1604,7,
3901,1206,7,
4357,1216,7,
4331,1202,7,
885,1387,7,
3868,1177,7,
3837,1204,7,
4059,1240,7,
486,1605,7,
600,1520,7,
664,1530,7,
676,1574,7,
3998,1435,7,
4036,1421,7,
922,1421,7,
4397,1225,7,
3991,1296,7,
3963,1260,7,
3972,1122,7,
4401,1393,7,
3802,1216,7,
3766,1214,7,
3756,1174,7,
3547,1169,7,
1105,1287,7,
3817,1169,7,
3798,1187,7,
3847,1116,7,
3832,1105,7,
734,1414,7,
761,1444,7,
3543,1144,7,
4434,2054,7,
4342,2059,7,
4386,1964,7,
4269,2002,7,
941,1274,7,
4216,1694,7,
4182,1752,7,
4121,1820,7,
4001,1840,7,
4127,1347,7,
4306,1549,7,
4364,1550,7,
3922,1184,7,
4197,1971,7,
4141,2001,7,
4100,1929,7,
4150,1906,7,
4151,1954,7,
4297,1901,7,
4300,1947,7,
4364,1920,7,
4447,1903,7,
4434,2014,7,
3972,1063,7,
644,1633,7,
636,1665,7,
4253,1669,7,
4460,1676,7,
4464,1676,7,
1705,1284,7,
1752,1432,7,
1369,1669,7,
1429,1670,7,
1482,1670,7,
1612,1456,7,
542,1516,7,
1662,1416,7,
3644,1116,7,
3672,1120,7,
3716,1156,7,
4362,1241,7,
4487,1183,7,
3914,2050,7,
2576,1526,7,
2571,1523,7,
4754,1747,7,
4377,1317,7,
4377,1287,7,
4377,1261,7,
4373,1237,7,
4381,1220,7,
4382,1199,7,
1797,1530,7,
4424,1502,7,
4445,1534,7,
4443,1581,7,
4457,1622,7,
1594,1547,7,
1617,1561,7,
679,1547,7,
570,1605,7,
1322,1608,7,
3339,2016,7,
3400,2028,7,
3434,2029,7,
3578,2009,7,
3547,2010,7,
4036,1815,7,
4067,1791,7,
4157,1750,7,
4172,1728,7,
1050,1359,7,
1067,1374,7,
1099,1370,7,
2914,1595,7,
3682,1333,7,
3711,1256,7,
3709,1280,7,
3694,1301,7,
3682,1317,7,
3681,1259,7,
4220,1278,7,
3067,1302,7,
3036,1361,7,
2927,1267,7,
2864,1396,7,
2821,1326,7,
2726,1264,7,
2726,1389,7,
2269,1325,7,
2259,1381,7,
2189,1335,7,
2179,1377,7,
2264,1294,7,
3976,1952,7,
4043,1199,7,
4018,1209,7,
3978,1211,7,
3926,1213,7,
3891,1215,7,
3858,1213,7,
3830,1213,7,
2541,1557,7,
2484,1560,7,
2599,1561,7,
1102,1326,7,
1087,1340,7,
3875,1217,7,
3356,1273,7,
3278,1275,7,
3193,1275,7,
3124,1276,7,
2668,1265,7,
2616,1267,7,
2550,1268,7,
2497,1269,7,
2384,1273,7,
2333,1273,7,
1754,1279,7,
2737,1527,7,
4041,1959,7,
2402,1532,7,
2440,1534,7,
3889,1123,7,
3888,1104,7,
2569,1537,7,
4663,1891,7,
3007,1452,7,
3066,1451,7,
3125,1455,7,
3177,1454,7,
3241,1456,7,
3299,1455,7,
3351,1452,7,
3404,1455,7,
1905,1481,7,
1949,1479,7,
3948,1135,7,
3949,1109,7,
3951,1084,7,
3951,1066,7,
3951,1049,7,
4422,1778,7,
4462,1832,7,
2485,1600,7,
2469,1661,7,
2461,1717,7,
2465,1769,7,
4035,1148,7,
4014,1161,7,
2450,1479,7,
2521,1481,7,
2582,1480,7,
4218,1293,7,
876,1565,7,
1949,1249,7,
2199,1506,7,
2154,1517,7,
2451,1642,7,
2494,1715,7,
3703,1530,7,
187,854,4,
135,914,4,
4592,941,4,
470,847,4,
417,871,4,
856,1264,4,
172,830,4,
804,1316,4,
810,1271,4,
816,1204,4,
862,1199,4,
380,880,4,
367,900,4,
175,965,4,
226,942,4,
209,1007,4,
653,1329,4,
708,1236,4,
647,1092,4,
65,862,4,
291,1000,4,
16,904,4,
451,971,4,
821,1134,4,
860,1132,4,
955,1377,4,
702,1682,4,
667,1702,4,
4566,1017,4,
4571,989,4,
4586,899,4,
210,872,4,
4637,712,4,
4762,589,4,
4760,638,4,
130,611,4,
47,889,4,
9,638,4,
34,644,4,
402,827,4,
852,1357,4,
4494,757,4,
669,1306,4,
681,1256,4,
132,625,4,
744,1206,4,
242,902,4,
1131,1365,4,
1139,1402,4,
4766,951,4,
981,1277,4,
617,1252,4,
562,1240,4,
1050,1295,4,
907,1310,4,
843,1316,4,
915,1290,4,
930,1281,4,
901,1298,4,
652,1092,4,
4589,846,4,
786,1110,4,
1271,1402,4,
57,675,4,
61,610,4,
4649,964,4,
4688,965,4,
4703,961,4,
4716,961,4,
4743,920,4,
4518,1024,4,
332,942,4,
1277,1322,4,
1317,1365,4,
1110,1389,4,
193,951,4,
218,971,4,
275,976,4,
308,967,4,
319,997,4,
3617,1826,4,
2075,1656,4,
1985,1594,4,
1906,1544,4,
4461,832,4,
4501,821,4,
4554,816,4,
4573,790,4,
4586,777,4,
4622,751,4,
511,1825,4,
3553,1871,4,
3538,1813,4,
1284,1326,4,
1302,1349,4,
1329,1370,4,
38,882,4,
22,910,4,
4746,921,4,
4,653,4,
3357,1309,4,
3440,1277,4,
3386,1269,4,
3987,790,4,
3936,822,4,
3988,847,4,
3921,864,4,
3887,796,4,
3184,1407,4,
4659,961,4,
4117,1280,4,
0,942,4,
7,937,4,
1152,1381,4,
191,844,4,
229,889,4,
239,970,4,
1600,1914,4,
1890,1506,4,
1935,1506,4,
1971,1506,4,
1181,1325,4,
2477,1839,4,
1769,1596,4,
1769,1629,4,
1827,1596,4,
3174,1464,4,
2264,1176,4,
2281,1175,4,
2274,1192,4,
1845,1029,4,
1846,1089,4,
1849,1152,4,
2849,1876,4,
2901,1876,4,
2944,1875,4,
3000,1877,4,
3055,1877,4,
701,1802,4,
4468,1144,5,
4517,979,5,
4544,1026,5,
945,1197,5,
899,1192,5,
375,1005,5,
365,971,5,
334,914,5,
885,1250,5,
4417,1184,5,
4414,1082,5,
4447,1082,5,
7,696,5,
812,1247,5,
136,661,5,
4611,810,5,
412,996,5,
4443,1110,5,
4444,1151,5,
4584,872,5,
4644,774,5,
64,927,5,
4656,748,5,
4606,963,5,
109,606,5,
31,594,5,
4447,947,5,
4481,944,5,
4546,955,5,
4513,916,5,
4457,909,5,
18,683,5,
206,654,5,
4712,729,5,
4728,734,5,
4746,730,5,
3844,1027,5,
3934,1116,5,
4468,980,5,
137,967,5,
4062,1327,5,
646,1246,5,
107,927,5,
54,940,5,
878,1312,5,
1,717,5,
4403,1484,5,
797,1142,5,
47,606,5,
4492,1032,5,
412,1029,5,
427,1015,5,
1416,1433,5,
4572,900,5,
4594,990,5,
4506,1083,5,
385,977,5,
405,971,5,
432,996,5,
4604,764,5,
4668,747,5,
3947,1012,5,
4458,1126,5,
4456,1066,5,
64,877,5,
3469,1252,5,
3508,1251,5,
3550,1254,5,
3581,1253,5,
3605,1253,5,
3631,1255,5,
2544,1334,5,
2636,1331,5,
2615,1282,5,
2546,1265,5,
2537,1409,5,
2620,1431,5,
4429,1064,5,
35,911,5,
51,892,5,
2269,1270,5,
2160,1275,5,
1961,1280,5,
1881,1281,5,
3610,1663,5,
3600,1706,5,
3650,1662,5,
3685,1748,5,
3606,1773,5,
3602,1598,5,
2164,1232,5,
2096,1240,5,
2131,1241,5,
2184,1307,5,
2215,1340,5,
2215,1324,5,
2256,1335,5,
2277,1347,5,
1744,1584,5,
1790,1607,5,
1845,1000,5,
2325,1202,5,
4461,928,5,
82,933,5,
3582,1277,5,
3549,1279,5,
3508,1277,5,
3471,1282,5,
2222,1219,5,
4667,841,5,
4548,975,6,
4571,1005,6,
3943,977,6,
4412,1150,6,
4413,1122,6,
4426,1016,6,
4659,776,6,
4019,1210,6,
3751,1122,6,
4443,1185,6,
3621,1115,6,
4791,674,6,
3954,1176,6,
4516,1182,6,
4744,1656,6,
4501,1151,6,
4529,1146,6,
3862,1262,6,
46,566,6,
17,567,6,
65,644,6,
55,626,6,
242,591,6,
217,622,6,
44,514,6,
46,539,6,
67,500,6,
92,485,6,
4474,1016,6,
300,575,6,
4397,1271,6,
4398,1349,6,
4338,1456,6,
4364,1202,6,
3789,1081,6,
4064,1300,6,
4239,1197,6,
4113,1200,6,
4217,1427,6,
4228,1402,6,
4031,1291,6,
4099,1329,6,
4198,1394,6,
4261,1424,6,
4303,1440,6,
4126,1769,6,
4560,1924,6,
4203,1330,6,
3987,1054,6,
3727,1161,6,
4531,997,6,
1735,1369,6,
3868,1159,6,
3868,1130,6,
3812,1107,6,
4391,1365,6,
1744,1274,6,
1739,1314,6,
1497,1427,6,
1372,1481,6,
1352,1485,6,
4529,1051,6,
4521,1100,6,
1489,1342,6,
1506,1324,6,
1539,1290,6,
1584,1259,6,
1396,1439,6,
3919,1245,6,
3906,1127,6,
2230,1775,6,
2202,1672,6,
257,535,6,
264,512,6,
4409,1450,6,
4406,1412,6,
4367,1264,6,
4364,1286,6,
4494,1141,6,
4497,1161,6,
4502,1180,6,
4441,1055,6,
644,1506,6,
1030,1342,6,
2659,1301,6,
2594,1312,6,
2586,1380,6,
2506,1315,6,
4115,1889,6,
2302,1272,6,
2217,1274,6,
2117,1276,6,
2081,1277,6,
2040,1277,6,
2005,1279,6,
1924,1278,6,
1856,1280,6,
1808,1281,6,
1685,1259,6,
2330,1450,6,
4041,1924,6,
4043,1887,6,
4131,1836,6,
4168,1809,6,
4097,1865,6,
4337,1421,6,
4336,1392,6,
4336,1365,6,
4336,1324,6,
4334,1294,6,
4333,1270,6,
4333,1247,6,
3889,1143,6,
3741,1131,6,
3743,1104,6,
3746,1072,6,
1791,1369,6,
1834,1371,6,
1477,1268,6,
1455,1280,6,
1511,1244,6,
1510,1210,6,
2372,1226,6,
1598,1164,6,
1614,1095,6,
1606,1135,6,
3625,1259,6,
2325,1201,6,
4482,1123,6,
1510,1317,6,
4479,1016,8,
4586,984,8,
937,1301,8,
969,1389,8,
524,1751,8,
770,1515,8,
1019,1345,8,
22,661,8,
4569,1347,8,
4514,1118,8,
3816,1199,8,
940,1286,8,
4528,1092,8,
4779,613,8,
4521,1024,8,
3944,1124,8,
4447,1059,8,
4476,1114,8,
3779,1174,8,
809,1399,8,
819,1449,8,
4564,984,8,
4536,1117,8,
730,1572,8,
4500,1107,8,
933,1297,8,
4356,1370,8,
4152,1114,8,
4242,1139,8,
4271,1185,8,
4289,1275,8,
4267,1306,8,
16,617,8,
3779,1197,8,
550,1742,8,
4541,1119,8,
4641,959,8,
4535,1274,8,
749,1559,8,
1394,1492,8,
1156,1317,8,
338,949,8,
4337,1424,8,
31,624,8,
1764,1289,8,
1011,1606,8,
1075,1597,8,
1121,1629,8,
4072,1845,8,
1456,1502,8,
4191,1731,8,
4277,1236,8,
3837,2046,8,
750,1545,8,
1199,1361,8,
4662,1396,8,
4773,660,8,
1024,1355,8,
4538,1091,8,
1905,1307,8,
4508,1187,8,
1031,1398,8,
551,1219,8,
557,1227,8,
559,1229,8,
559,1229,8,
4308,1010,8,
4526,1344,8,
1777,1110,8,
4311,1326,8,
4548,966,8,
4553,969,8,
4504,1015,9,
630,1242,9,
917,1214,9,
702,1439,9,
732,1561,9,
751,1545,9,
102,1632,9,
40,1640,9,
4739,1417,9,
4714,1501,9,
4661,1494,9,
4737,1572,9,
251,566,9,
4526,784,9,
110,894,9,
4637,957,9,
717,1331,9,
4777,1415,9,
4578,1341,9,
815,1561,9,
132,589,9,
4698,731,9,
4619,840,9,
201,952,9,
250,1872,9,
821,1655,9,
420,1796,9,
989,1257,9,
4527,1385,9,
4466,997,9,
4134,1196,9,
4543,1170,9,
74,662,9,
46,1577,9,
4396,1214,9,
31,1366,9,
350,1805,9,
214,936,9,
4773,1652,9,
301,1842,9,
799,1379,9,
144,1661,9,
18,931,9,
4710,965,9,
4538,1017,9,
16,1556,9,
976,1501,9,
85,485,9,
4496,997,9,
4248,985,9,
4063,1154,9,
4787,922,9,
4764,925,9,
4781,942,9,
72,849,9,
4498,1265,9,
4702,820,9,
4454,999,9,
97,851,9,
4022,1226,9,
546,1735,9,
484,1751,9,
4636,811,9,
1094,1214,9,
4673,745,9,
4607,950,9,
4672,1416,9,
4641,1460,9,
342,1875,9,
4011,1427,9,
4054,1425,9,
4084,1424,9,
4324,911,9,
4398,1201,9,
4746,1536,9,
4658,1631,9,
129,980,9,
4337,852,9,
591,1702,9,
672,1530,9,
4749,743,9,
645,1096,9,
3857,1175,9,
4709,1484,9,
4101,1346,9,
22,717,9,
99,609,9,
4582,975,9,
644,1342,9,
790,1261,9,
964,1288,9,
21,871,9,
4598,1481,9,
4781,927,9,
0,941,9,
4071,1197,9,
4355,1198,9,
4152,1207,9,
4374,1272,9,
4737,933,9,
4572,1057,9,
4533,1901,9,
4779,1624,9,
506,1652,9,
4752,1479,9,
4586,1421,9,
4531,1284,9,
552,1440,9,
690,1231,9,
456,1740,9,
4433,1031,9,
192,969,9,
4734,1361,9,
4456,1137,9,
4008,1197,9,
4144,1351,9,
121,1544,9,
4464,1097,9,
4053,1290,9,
130,1711,9,
4473,1179,9,
4682,970,9,
4027,1009,9,
1027,1306,9,
1440,1432,9,
4730,1502,9,
1522,1297,9,
1057,1284,9,
1399,1474,9,
159,656,9,
126,651,9,
4093,1017,9,
4403,1120,9,
305,970,9,
1503,1550,9,
1642,1356,9,
1189,1339,9,
1012,1361,9,
1585,1378,9,
1587,1377,9,
234,1014,9,
316,1009,9,
959,1400,9,
549,1650,9,
4231,1890,9,
506,1880,9,
3997,1857,9,
567,1388,9,
1109,1307,9,
4486,941,9,
986,1654,9,
4781,673,9,
7,919,9,
4167,602,9,
4039,727,9,
44,1599,9,
4473,1791,9,
4540,1150,9,
62,912,9,
522,1826,9,
4419,1064,9,
2036,2069,9,
795,1689,9,
4066,1111,9,
106,1654,9,
192,1698,9,
1062,1542,9,
3355,2019,9,
3462,2013,9,
3839,2032,9,
1113,1432,9,
4509,1129,9,
4626,1410,9,
1087,1441,9,
4573,1367,9,
841,1499,9,
4486,1551,9,
4531,1582,9,
4524,1624,9,
4470,1624,9,
4433,1588,9,
2239,1549,9,
520,1447,9,
972,1527,9,
4251,1085,9,
4383,1015,9,
4357,1356,9,
4645,1512,9,
4383,1030,9,
4519,964,9,
292,1811,9,
685,1689,9,
1287,1279,9,
206,1811,9,
4685,965,9,
734,1723,9,
264,941,10,
3927,987,10,
556,1214,10,
549,1227,10,
844,1152,10,
4763,1375,10,
247,969,10,
692,1254,10,
430,1117,10,
725,1396,10,
107,1435,10,
87,1417,10,
444,1706,10,
267,932,10,
882,1162,10,
3865,1002,10,
4787,1384,10,
4769,938,10,
4101,1411,10,
420,1740,10,
251,944,10,
237,920,10,
483,1117,10,
270,952,10,
750,1410,10,
864,1152,10,
521,1171,10,
3901,1262,10,
905,1319,10,
906,1453,10,
854,1131,10,
3579,1099,10,
770,1382,10,
534,1216,10,
3967,1437,10,
3937,1412,10,
3892,987,10,
3983,1438,10,
4049,1422,10,
729,1251,10,
735,1274,10,
669,1626,10,
109,1417,10,
704,1421,10,
492,1103,10,
471,1093,10,
736,1455,10,
743,1419,10,
3951,1020,10,
3951,1022,10,
3929,1442,10,
4764,1415,10,
686,1615,10,
4397,1305,10,
1257,1267,10,
1280,1299,10,
1259,1287,10,
1672,1274,10,
1644,1451,10,
1429,1485,10,
1445,1481,10,
1247,1379,10,
3931,1247,10,
1660,1269,10,
1242,1240,10,
1614,1504,10,
1467,1305,10,
4774,1395,10,
4041,1446,10,
1637,1486,10,
328,948,10,
249,910,10,
422,1751,10,
518,1173,10,
1686,1291,10,
1917,1936,10,
1911,1948,10,
272,955,10,
426,1136,10,
2444,1614,10,
272,959,10,
426,1094,10,
3834,1615,10,
269,932,10,
121,1431,10,
3552,1391,10,
260,943,10,
852,1141,10,
268,932,10,
261,926,10,
522,1172,10,
529,1182,10,
301,972,10,
3526,1423,10,
99,1442,10,
266,937,10,
247,931,10,
271,955,10,
266,941,10,
264,931,10,
257,925,10,
252,920,10,
2214,1609,10,
551,1217,10,
314,955,10,
314,966,10,
252,931,10,
3907,1012,10,
561,1227,10,
4722,1430,10,
3817,2035,10,
1460,1324,10,
266,934,10,
487,1110,10,
258,944,10,
495,1128,10,
481,1104,10,
310,967,10,
274,934,10,
264,921,10,
4783,929,11,
4313,935,11,
4478,1080,11,
129,981,11,
266,517,11,
190,666,11,
40,1547,11,
920,1249,11,
275,562,11,
561,1524,11,
289,464,11,
4767,915,11,
3713,1126,11,
196,652,11,
3591,1136,11,
269,496,11,
297,599,11,
166,972,11,
199,674,11,
4043,1147,11,
584,1541,11,
915,1265,11,
227,649,11,
929,1195,11,
582,1502,11,
3708,1111,11,
4303,901,11,
4509,1070,11,
299,570,11,
4496,1080,11,
241,515,11,
141,979,11,
595,1521,11,
4342,901,11,
568,1552,11,
898,1239,11,
3996,1967,11,
1654,1447,11,
1627,1456,11,
1445,1416,11,
4479,1222,11,
137,963,11,
1687,1430,11,
1646,1440,11,
4504,1111,11,
179,664,11,
4317,915,11,
1612,1351,11,
1627,1352,11,
271,492,11,
265,493,11,
270,502,11,
254,592,11,
4764,926,11,
4507,1199,11,
576,1515,11,
576,1517,11,
586,1527,11,
4476,1057,11,
4331,930,11,
5,939,11,
4772,944,11,
161,989,11,
1951,1656,11,
1947,1647,11,
1597,1369,11,
1685,1287,11,
4768,925,11,
3996,1260,11,
4480,1075,11,
1599,1331,11,
3801,2022,11,
146,990,11,
4782,941,11,
4789,931,11,
4776,933,11,
144,985,11,
685,1445,11,
4770,928,11,
4318,921,11,
1422,1438,11,
1440,1421,11,
3812,2022,11,
4767,949,11,
137,986,11,
135,987,11,
4774,926,11,
4759,948,11,
4759,918,11,
903,1253,11,
1440,1422,11,
4782,930,11,
143,977,11,
1604,1341,11,
4770,932,11,
4487,1202,11,
4772,923,11,
4653,799,12,
41,925,12,
126,1610,12,
4626,1625,12,
4611,772,12,
4589,802,12,
4567,835,12,
6,539,12,
4422,1130,12,
136,1641,12,
3997,1100,12,
4664,777,12,
412,860,12,
484,859,12,
111,1749,12,
977,1306,12,
57,899,12,
4771,939,12,
31,910,12,
4671,794,12,
37,900,12,
3984,1092,12,
3873,960,12,
3844,984,12,
4437,1161,12,
3902,954,12,
3918,1066,12,
4581,739,12,
4647,786,12,
58,918,12,
3896,1021,12,
4449,1167,12,
4621,764,12,
122,1587,12,
46,913,12,
24,916,12,
119,1775,12,
911,1244,12,
1294,1499,12,
1297,1471,12,
4333,1267,12,
4303,1245,12,
0,592,12,
41,904,12,
3861,2012,12,
3879,2029,12,
1429,1660,12,
1896,1930,12,
3841,2026,12,
3843,2029,12,
4428,1155,12,
3829,2016,12,
1245,1490,12,
9,931,12,
62,887,12,
3847,2015,12,
2001,1421,12,
1765,1604,12,
47,910,12,
3848,2011,12,
49,890,12,
4641,805,12,
1727,1516,12,
811,1761,12,
9,923,12,
4339,1301,12,
250,1824,12,
277,1832,12,
59,902,12,
59,919,12,
61,909,12,
32,911,12,
43,891,12,
39,895,12,
1626,1169,12,
1609,1150,12,
1276,1476,12,
3787,2020,12,
3823,2045,12,
3873,2047,12,
4652,791,12,
